2395.8
2421.1
2426.2
2443.7
2523.9
2570.9
2591
2576.4
2537.3
2525.6
2528.3
2556.9
2606.8
2681.2
2724.8
2761.5
2778.1
2767.4
2790.2
2787.9
2833.5
2851.8
2845.5
2873.2
2843.7
2770
2788.3
2852.7
2919.5
2973.8
3046.1
3040.2
3052.2
3120.2
3108.4
3116.1
3078.4
3099.3
3156.9
3209.6
3274.6
3333.6
3369.5
3401.6
3414.8
3452.8
3497.8
3566.1
3591.5
3669.2
3712.9
3763.3
3776.6
3869.8
3922.7
4002.4
4096.7
4197.9
4215.1
4245.2
4281.6
4320.9
4324.7
4362
4397.1
4486.4
4562.2
4595
4615.4
4687.1
4702.1
4731.5
4711
4702.8
4711.1
4752.8
4703.9
4829.9
4857.4
4895.3
4909.5
4997
5112.7
5159.8
5245.5
5374.7
5435.6
5406.1
5456.5
5411.2
5425.4
5372.8
5351.4
5286.7
5327.4
5415.5
5488.5
5612.4
5654.8
5683.6
5726.2
5792.9
5906.6
6011.1
6011.7
6032.6
6267.2
6328.5
6413.3
6426.1
6433.9
6480.1
6496.8
6517.9
6385.7
6376
6494.1
6628.6
6580.2
6655.7
6578
6468
6503.3
6479.8
6486.2
6571.1
6721.1
6852.7
6994
7132.9
7258.2
7329.6
7388.1
7461.5
7529.9
7647
7704.4
7775.8
7811.5
7890.1
7931
7986.4
8076.1
8149.4
8283.8
8330.4
8440.5
8489.2
8601.6
8688.4
8756.7
8822.1
8840.7
8937.5
8972.1
8974.3
8897.8
8856.1
8924.9
8967.7
9006.8
9113.2
9213.7
9303.3
9396.5
9414
9469.9
9516.1
9643.1
9737.6
9870.7
9928.9
10042
10076
10111
10198
10270
10337
10518
10615
10727
10809
10972
11112
11198
11309
11419
11568
11758
11868
11968
12120
12330
12365
12599
12615
12682
12646
12713
12674
12705
12825
12895
12957
12963
13029
13152
13374
13526
13607
13711
13831
13948
14100
14177
14293
14372
14546
14592
14604
14718
14728
14842
14942
14996
14895
14969
14895
14575
14372
14357
14403
14540
14598
14738
14839
14942
14894
15011
15062
15242
15382
15428
15534
15540
15584
15681
