0.21043
0.7187
3.2292
1.8451
0.77879
-0.56508
-1.5293
-0.46219
0.10685
1.1248
1.9328
2.8141
1.6131
1.3379
0.59932
-0.3859
0.8205
-0.082465
1.6224
0.64377
-0.22116
0.96876
-1.032
-2.6259
0.65848
2.2834
2.3146
1.8428
2.4021
-0.19388
0.39393
2.2034
-0.3789
0.24741
-1.2172
0.67663
1.8414
1.6556
2.0049
1.7857
1.0712
0.94815
0.3873
1.1067
1.2949
1.9338
0.70974
2.1404
1.184
1.3483
0.35279
2.4379
1.3577
2.0114
2.3288
2.4403
0.40889
0.71156
0.85378
0.91369
0.087906
0.85879
0.80146
2.0105
1.6754
0.71638
0.44298
1.5416
0.31952
0.62331
-0.43421
-0.17421
0.17634
0.88125
-1.0342
2.6434
0.56776
0.77722
0.28965
1.7666
2.289
0.91702
1.6473
2.4332
1.1267
-0.5442
0.92796
-0.83367
0.26207
-0.97424
-0.3991
-1.2164
0.76691
1.6402
1.339
2.2323
0.75263
0.50801
0.74673
1.1581
1.9437
1.7537
0.009981
0.34705
3.8152
0.97336
1.3311
0.19939
0.12131
0.71551
0.25738
0.32425
-2.0491
-0.15202
1.8353
2.05
-0.73285
1.1408
-1.1743
-1.6864
0.54428
-0.36201
0.09872
1.3004
2.2571
1.9391
2.041
1.9665
1.7414
0.97891
0.79497
0.98859
0.91253
1.5432
0.74782
0.92248
0.45807
1.0012
0.51703
0.6961
1.1169
0.90352
1.6357
0.56097
1.313
0.57532
1.3153
1.0041
0.78303
0.74408
0.21061
1.089
0.38639
0.024517
-0.85609
-0.46976
0.77386
0.47841
0.43506
1.1744
1.0968
0.96777
0.99681
0.18607
0.59204
0.48668
1.3258
0.9752
1.3576
0.58789
1.1287
0.341
0.34874
0.85284
0.70746
0.65316
1.731
0.92084
1.0514
0.75872
1.4976
1.2661
0.77274
0.98458
0.96535
1.2999
1.6274
0.93035
0.83825
1.2654
1.7154
0.2867
1.8708
0.12771
0.53129
-0.28664
0.52921
-0.30488
0.24508
0.93538
0.54512
0.47967
0.04784
0.50555
0.94117
1.6754
1.1279
0.59634
0.76216
0.87359
0.84022
1.0874
0.54461
0.81279
0.5519
1.2062
0.31025
0.087683
0.77756
0.065882
0.76701
0.67153
0.36476
-0.67377
0.49423
-0.49625
-2.1752
-1.3991
-0.10582
0.31711
0.95154
0.39468
0.95652
0.68499
0.69237
-0.32444
0.78448
0.33784
1.188
0.91107
0.29926
0.68666
0.036043
0.28467
0.62115
